# Camera list with one line of data per camera:
#   CAMERA_ID, MODEL, WIDTH, HEIGHT, PARAMS[]
# Number of cameras: 11
9 SIMPLE_RADIAL 1920 1080 1532.24 960 540 0.0686276
1 SIMPLE_RADIAL 1920 1080 1540.96 960 540 0.0702896
2 SIMPLE_RADIAL 1920 1080 1525.04 960 540 0.0518849
3 SIMPLE_RADIAL 1920 1080 1516.53 960 540 0.0512064
4 SIMPLE_RADIAL 1920 1080 1508.88 960 540 0.044385
5 SIMPLE_RADIAL 1920 1080 1475.58 960 540 0.0556431
6 SIMPLE_RADIAL 1920 1080 1479.42 960 540 0.0282122
7 SIMPLE_RADIAL 1920 1080 1540.6 960 540 0.0675249
8 SIMPLE_RADIAL 1920 1080 1533.84 960 540 0.0701578
10 SIMPLE_RADIAL 1920 1080 1526.9 960 540 0.0654717
11 SIMPLE_RADIAL 1920 1080 1524.4 960 540 0.05708
