# Image list with two lines of data per image:
#   IMAGE_ID, QW, QX, QY, QZ, TX, TY, TZ, CAMERA_ID, NAME
#   POINTS2D[] as (X, Y, POINT3D_ID)
# Number of images: 32, mean observations per image: 0
0 0.9998593769221122 0.004533472360392388 0.01608307121074685 -0.001417331899371252 -0.24223178519637356 0.09014189272553025 0.37542675725948776 0 S1014644.JPG
TODO
1 0.9996549544036974 0.00890601596062902 0.02445684457193746 -0.003538045991041976 -0.238425261576198 0.08728766836746421 0.3794081917498558 1 S1014645.JPG
TODO
2 0.9760766728060035 0.005282215383562661 -0.21736192939795373 0.00046760346713217043 -0.23277717751288768 0.08676301836191513 0.2730286561798364 2 S1014646.JPG
TODO
3 0.9324952330395899 0.00685187969097513 -0.361116301044429 0.0008421538639227355 -0.22364644711011922 0.08313182871170284 0.19854550278007968 3 S1014647.JPG
TODO
4 0.8710081380122965 0.008850898235788142 -0.491188298654409 0.0007351066310957365 -0.19212693375687753 0.0818212341009277 0.13989856269909584 4 S1014648.JPG
TODO
5 0.8732738808515677 0.005081328290085235 -0.4871942441579016 0.002945774034342955 -0.10943639037059036 0.0822917625582808 0.1457061972098726 5 S1014649.JPG
TODO
6 0.9150278044968191 0.007302513711348835 -0.40331524568780286 0.002757333315692442 0.0009367797406941852 0.08452351951573168 0.1531528751227775 6 S1014650.JPG
TODO
7 0.9272041665051178 0.007456067448230168 -0.3744724883766861 0.0026825589890786734 0.08864675145594604 0.08349738440859368 0.14077138493120428 7 S1014651.JPG
TODO
8 0.9063250657627702 0.009308501667032827 -0.4224784970035409 0.000382800802324053 0.1560689618808438 0.08357888233196618 0.15842797906731063 8 S1014652.JPG
TODO
9 0.8175583320356677 0.008457262211485985 -0.5757783278242818 -0.002483071246820876 0.1684444246816587 0.0801509623258318 0.20969140522927102 9 S1014653.JPG
TODO
10 0.721475060451471 0.004114449525170734 -0.6924277409325792 -0.0007950085886026997 0.17498971658067636 0.0769684321683707 0.25645569256854384 10 S1014654.JPG
TODO
11 0.616177876367259 0.0005405006662866806 -0.787604608372584 0.0018744078620350614 0.17329696786023502 0.07825602355499042 0.30849816906260646 11 S1014655.JPG
TODO
13 0.9965090795178301 0.011293557532517692 0.08243563146136607 0.006817379434399338 -0.19297792941481395 0.08557824057109104 0.4055274774568789 13 S1014684.JPG
TODO
14 0.9994982952609274 0.015762509912253746 -0.026544499054943705 0.007077472832032857 -0.2788284035461433 0.08199083432628582 0.35387858158125896 14 S1014685.JPG
TODO
15 0.9807001138830457 0.008991491536364688 -0.19531073520550607 -0.00039550375144974445 -0.21372008522738722 -0.027460059536025073 0.28154163834721513 15 S1014686.JPG
TODO
16 0.9267826184393535 0.013494469577460857 -0.3753525822877293 -0.0015219787948794498 -0.22497725293136445 -0.030697846697191677 0.19811485256535155 16 S1014687.JPG
TODO
17 0.8717941883461786 0.010119561147942728 -0.4897677245896805 0.0002521869296693045 -0.18352691434148377 -0.026714897534106836 0.12108810747813631 17 S1014688.JPG
TODO
18 0.8722195036537098 0.008118448356529251 -0.48904138699114014 0.002397926633617015 -0.1046866276360841 -0.02597487864819707 0.10134704002351287 18 S1014689.JPG
TODO
19 0.9004169457625053 0.009367214278133 -0.43491767029594214 0.002863414873784335 -0.013428544989115214 -0.024990360412171415 0.11185805454618557 19 S1014690.JPG
TODO
20 0.9487100267156331 0.012839390763338824 -0.31587671690031494 0.0025169374897631865 0.09942717399653354 -0.02204674169259258 0.09666534053772367 20 S1014691.JPG
TODO
21 0.9324318002123911 0.013398572566410579 -0.361095821948623 0.001106154198329583 0.167159689387031 -0.02414203036077209 0.12030337790120914 21 S1014692.JPG
TODO
22 0.8411337663579944 0.004395454079447973 -0.5408001529147185 0.0031403317129542114 0.17742577484105274 -0.022482785825530174 0.19022227804150316 22 S1014693.JPG
TODO
23 0.7498916755140067 0.008567781838856224 -0.661501666244864 -0.0021479442325495856 0.18700356981213462 -0.027875852919093374 0.24646164806682658 23 S1014694.JPG
TODO
26 0.9863102773177856 0.03270580104409716 0.16029468015391898 0.020687748783511224 -0.12840457503372638 0.066852228436141 0.4342385495908826 26 S1014724.JPG
TODO
27 0.9990225457212352 0.02975107769963333 0.02585789193487233 0.020004897926692182 -0.2417407132605623 0.0690172267542689 0.38323811923051765 27 S1014725.JPG
TODO
28 0.9830996222939578 0.010083509777042005 -0.18270990299099168 0.005526918225956382 -0.25346959123085405 -0.11939939524747814 0.32002813392054885 28 S1014726.JPG
TODO
29 0.7728317978986391 -0.0021229925868425244 -0.6345789534716749 0.006004737298762287 0.18442696103446812 -0.11134616811713696 0.232812381072 29 S1014734.JPG
TODO
30 0.721843221356878 0.002144076870990065 -0.6920519953350864 0.0013425603234415784 0.22889561056848554 -0.11760769930760342 0.2595242253604343 30 S1014735.JPG
TODO
